091990
215600
084990
086900
130960
950160
003670
263750
016170
068760
007390
253450
145020
078340
041960
095700
085660
034230
036490
028300
240810
046890
035760
098460
178920
038540
056190
151910
028150
022100
192080
036830
003380
108230
102940
039030
115450
078160
200230
096530
066970
069080
200130
058470
000250
005290
064760
214370
041510
086520
112040
036420
042000
237690
058820
073070
065620
048260
053800
083790
080160
089600
049950
108320
095610
048530
031390
272290
051370
035900
141080
084110
183490
237880
065660
041830
039840
090460
144510
030530
086450
031980
243070
043150
214450
035600
067080
019210
036930
122870
222040
039200
025980
038290
092040
087010
030190
182400
025900
032190
006730
082270
084370
267980
091700
063080
049960
025770
213420
068240
003800
206640
119610
023410
218410
191420
033290
265520
078020
013120
168330
052020
023890
051500
092730
041140
063570
074600
104830
035810
052710
064240
044490
066700
174900
080420
041190
217480
140410
036630
100120
038500
015750
067290
099190
115960
060570
180400
010170
089030
016100
016250
030520
036540
232140
065160
200670
060250
241770
260930
203690
121800
086980
006620
023160
032500
166090
044340
053030
225570
123420
122990
086890
024660
067630
255440
215360
039440
014620
085370
095660
013030
208640
052260
054950
192440
086390
241710
228850
046210
108790
214150
057500
117670
011040
136480
007720
900100
018000
042520
100130
027050
102710
036200
060280
040350
048550
140860
097780
067390
007820
142760
215000
067160
025320
201490
082920
217270
114570
214180
078150
123100
064260
095270
045100
091120
065060
214270
126700
251630
036890
011370
060590
196170
060720
034950
194510
060150
052790
046440
033160
064550
023910
183300
029960
143240
095340
019550
144960
090470
251370
121440
043610
078600
178320
185490
160550
018120
035080
054050
058610
037460
053980
089980
069110
033500
122640
036800
083640
900290
021080
071200
225530
054780
086040
115180
950110
036190
074430
243840
205500
138690
222800
206560
035890
217730
052330
033640
043370
115160
036030
053300
036000
109740
140670
137940
005160
187420
083310
166480
114120
216050
241690
043580
215790
054670
067000
100700
064800
037950
121600
220630
048410
001540
067170
005990
038060
090730
141000
171120
032620
112240
053950
097520
049180
260660
041590
039560
131030
041460
900300
013990
046140
040910
067280
056080
236200
031330
104480
060560
052400
203650
900260
123860
200780
149940
900310
047310
018310
900270
096630
094850
049070
023900
014200
002800
060300
030960
131290
077360
206650
053350
118990
014100
225330
079370
109610
021320
109960
053610
035610
041910
214430
119860
067990
225190
038880
063170
155650
039860
094480
073560
068790
131390
246720
045390
066620
160980
017890
092130
241820
215200
161580
033320
033100
089140
114810
239610
234300
192410
054620
204990
020710
032790
065650
048870
060240
034940
079970
018290
194480
050110
024810
012700
086960
222110
054800
026040
043090
088800
095190
078890
090360
050890
059090
122450
025440
041440
005710
082210
080220
004650
092070
034810
044480
140070
136540
065510
064090
006910
204840
900250
036120
079190
014470
042370
151860
016600
049520
049080
022220
263720
193250
227610
108380
011560
047770
066980
007680
090710
053450
259630
071460
950130
035620
219550
205100
204620
054450
008290
048910
083930
131370
067310
051360
192250
036090
072870
126870
024950
093920
078140
058400
037350
104200
038390
001840
072470
058220
099320
035290
211270
015710
011320
083660
096690
033560
026180
009520
036560
131970
065680
063760
093190
072020
221840
045660
088390
142280
071670
053110
147830
047080
009300
003100
014570
049630
179900
092870
061970
138580
149950
088130
087260
241520
023600
049480
083650
091970
104540
204630
031510
033170
171090
196300
039830
038870
045520
042510
134780
101730
264450
263600
222080
220100
027830
123330
222420
137400
036010
061250
101330
042420
091580
040160
040420
027710
080000
048430
102120
069510
053700
002230
173940
038460
007330
046070
219420
065170
039420
083450
217600
033540
052420
170920
246690
150840
238090
224060
068330
043200
900080
096240
267790
195990
222810
038160
108860
036810
021040
950140
099830
050120
084730
073570
092600
102210
130580
088910
052290
036170
039010
095500
065560
047820
032850
018680
017510
065150
043650
057680
039230
089230
023760
047920
042040
149980
065350
036180
156100
012790
139050
900040
189300
043340
078130
056090
123040
014190
101000
096640
073490
238490
057540
122350
019660
045970
196490
252500
065530
131090
078070
009780
069410
228340
900280
052770
036690
039980
085810
099440
101160
064520
024800
065130
066590
004780
120240
101490
066360
038680
053590
220260
126600
060370
054180
033340
061040
068930
086670
080010
053620
184230
241790
080520
200710
040610
106240
100090
079940
123840
006920
111870
058630
217820
079960
081970
094170
123410
089010
033230
045510
033600
208350
059120
187220
141020
095910
114450
079950
053280
065950
040300
147760
033130
218150
225650
091590
106190
036670
069920
214680
056730
048770
111820
046110
059210
250000
079650
060310
060900
054210
030350
024880
230360
900120
234920
084650
049470
094820
223310
067570
138080
092460
140520
032980
038070
214310
024840
109820
046120
263810
039340
014970
052860
127160
083550
206400
066430
027040
041920
208140
032800
066900
115310
207760
208860
053260
049120
065450
043290
036480
265560
046390
049430
041520
067900
158310
043100
160600
065500
065940
043710
063440
065710
037070
138360
036710
043590
066910
143160
187870
066110
080470
032960
131180
007370
093320
005860
137950
190510
066130
001000
127120
037370
006140
056360
161570
090850
090410
039290
052220
071280
087600
073110
037230
122690
033200
050090
036640
138070
208370
159910
114630
036260
069540
208710
119850
017480
263800
127710
042110
142210
065570
017680
175140
177350
213090
024120
076610
033830
900090
042600
042940
025550
068940
068050
217620
101390
060230
066670
093520
196450
094360
097870
046940
085670
900070
041930
001810
043220
124500
224110
060260
094970
025950
154040
104040
052300
017650
054630
047560
226400
126880
226350
255220
064820
214870
050540
042500
263860
035480
195440
050960
054220
159580
215100
089850
198440
019590
033790
032540
051490
189980
136510
215480
054920
264660
003310
048470
043910
081580
056700
046970
101240
178780
054340
024910
054090
018620
269620
045060
072520
037330
131100
094840
016670
191410
037440
012860
041020
032750
091340
263540
138610
087730
006580
133750
028080
109860
019010
004590
092300
189690
065690
054040
009730
170030
221980
105740
094190
215380
049830
032940
031860
143540
222980
064480
205470
017250
078860
053160
099660
037760
044960
053290
148250
049550
076080
900180
119500
010470
123570
050860
237750
052670
058530
082850
200470
024830
032820
031310
013310
032680
115500
071850
109080
013810
018700
051780
101170
044060
096040
066310
012340
039240
017000
256940
027580
099220
075130
054540
025880
148140
021880
052190
101400
150900
044180
226360
019540
066790
010240
066410
036620
171010
203450
070300
115440
020180
011080
131760
105550
263920
039020
028040
038950
187270
033110
039610
019990
039310
078940
094940
113810
197210
052900
067920
128660
060540
038620
052460
089530
086060
014940
035200
089150
062860
126640
002680
053050
100660
026150
187790
182360
008370
089890
078650
046310
081150
170790
177830
008800
023460
072770
085910
123750
057880
106520
059100
238120
225590
048830
079000
064290
054940
033310
019770
130500
106080
250060
900110
174880
219130
008470
065420
033430
069330
032080
006050
039670
054930
045890
083500
121850
005670
057030
032580
045300
192390
075970
012620
007770
038110
093640
037400
189860
115480
079810
212560
096610
049720
176440
153490
051390
220180
035460
016920
104460
101930
072990
056000
073640
123260
181340
032860
065770
038340
090740
258610
134580
024060
030270
072950
002290
050320
084180
097800
131220
154030
021650
038010
141070
058450
065440
131400
078350
091440
115570
053270
026260
115610
052600
033050
194610
067010
082800
024740
100030
082660
094860
114190
000440
155960
051380
060480
196700
038530
067730
039740
080530
032280
045340
098120
077280
023790
079170
023440
101670
051980
050760
105330
060380
073540
093380
083470
023770
070590
032040
221610
043360
044780
029480
217190
054300
010280
054410
078590
153460
058110
096350
115530
008830
130740
230980
234100
080580
122800
051160
073190
099410
024850
019570
043260
073010
098660
134060
024940
067770
232270
119830
090150
047440
139670
080440
026910
009620
182690
053660
089790
069140
099520
103230
096870
007530
025870
020400
123010
088290
058420
053060
086250
226850
013720
101680
121890
087220
230240
227950
273060
242040
256630
221950
256840
221200
215090
226340
263770
277480
217500
240540
223040
230490
250930
262830
235010
265480
239340
281740
225430
270520
254120
226440
281410
265920
264850
261200
225440
267320
271740
257730
276920
232330
279410
021045
258790
264290
277410
032685
051170
