005930
000660
068270
005935
005380
051910
207940
005490
035420
105560
028260
032830
012330
034730
055550
015760
018260
096770
017670
066570
090430
051900
003550
011170
006400
086790
033780
010950
000810
000270
251270
002790
035720
000030
034220
010130
024110
036570
009540
139480
030200
009150
267250
161390
004020
021240
006800
018880
023530
069500
035250
008930
078930
086280
128940
088350
032640
097950
009830
047810
001040
005830
071050
004990
271560
000720
004800
036460
029780
005940
079440
002380
005387
016360
012750
009240
010060
008770
138930
001450
028050
010140
004170
241560
011070
003490
000880
102110
088980
000120
028670
012630
282330
011780
042660
008560
026960
007070
000100
047050
000210
007310
006280
039490
000060
006260
047040
069620
069960
005385
003410
030000
204320
010620
138040
122630
006360
139130
051600
005250
042670
000150
010120
006650
004370
009420
004000
017800
051915
000670
120110
001800
020150
012510
000240
161890
267270
090435
071840
003520
034020
012450
011790
114090
000080
001740
051905
011210
226320
079160
233740
003690
192820
005440
181710
003240
011200
039130
064350
148020
285130
185750
057050
214320
115390
081660
180640
111770
005300
001440
002350
014820
102780
082640
229200
103140
003000
005610
003090
089590
153130
001120
069260
023590
079550
006040
052690
006840
000370
152100
175330
020560
001230
001430
093370
010780
071320
170900
003470
008000
003300
272450
145720
105630
105190
000070
018670
049770
009410
278540
145990
001060
267260
093050
282000
001680
024720
014680
069660
284740
009450
214980
000640
066575
034830
007570
009970
085620
005850
280360
157450
073240
241590
108670
003540
004430
003620
020000
002270
042700
000990
114800
007460
032350
019680
007700
037560
005880
029530
003230
002020
031430
112610
271980
025860
005180
000815
123890
053210
192530
232080
064960
002240
005500
025540
034310
060980
002390
001720
003530
096760
161000
007630
058650
017810
019170
273130
192400
005690
006060
003030
078520
033920
079430
004690
126560
210980
003920
031440
009290
003850
025620
249420
016580
004380
004490
072710
006120
000400
138250
001820
034120
001520
101530
033270
027410
005420
033180
002960
017390
011690
234080
272580
281820
036580
002210
009580
011810
008730
033660
101060
008060
010050
000540
004130
017940
003560
102460
002990
183190
003220
014830
003060
500019
010955
015350
005810
001510
213500
082740
079980
001725
016450
000050
005720
006380
016800
070960
278530
004870
001630
122900
033240
008490
001200
030610
037710
007340
214390
002795
136490
007690
000020
094800
074610
570019
007160
097230
161510
084690
002000
095570
030210
252670
029460
000480
196230
044820
152330
195870
139260
002250
009680
025000
270810
001390
000155
214420
278240
104700
001500
011930
003120
176950
272550
030790
268280
017960
102260
081000
138490
000430
152870
002810
001130
004710
001250
091090
002320
008700
150460
001270
005090
002780
128820
001780
123690
068400
035510
006490
092230
004360
027390
015860
003570
004700
003070
003200
007210
002030
200880
192090
006390
015360
204480
275980
000680
016380
005680
004960
095720
071055
002310
001940
005070
007810
004970
077970
226490
000970
011760
003545
077500
036530
004150
012610
016880
143210
139280
039570
000140
900140
089470
000860
229640
011280
016590
084010
103130
004310
017180
210540
005740
044450
005960
005389
026890
008040
005950
003350
282690
004250
001880
000320
000490
000180
001790
020760
002450
168490
002460
000390
001360
168580
267290
144620
097955
002840
003960
251340
001460
004560
245710
000700
004060
092200
011160
096775
009270
248170
013870
194370
002630
075580
143860
017900
004890
067830
016610
012690
005390
001290
103590
005945
002150
003460
084680
015890
085310
013580
010820
000230
003160
013570
007980
264900
102280
032560
041650
090350
019440
013520
117580
007660
035150
001045
003555
273140
005870
007860
004540
009320
010690
100250
033530
058430
002360
092220
071970
006405
001470
006220
100220
003830
272560
004770
233160
025560
094280
004720
005430
024090
001340
014280
011000
084870
015590
035000
004980
102970
078000
012200
002600
009470
223190
014790
004840
092440
028100
003650
017040
017370
009200
002620
021820
530013
001380
225800
002170
251350
002900
034300
002100
152550
005980
034590
004440
130660
000650
016740
006090
009160
069640
227840
012030
011700
134380
063160
023000
075180
009155
009440
016710
091170
025750
005800
134790
009310
530026
003080
003280
001530
090370
004450
055490
277650
000220
014990
004910
002300
002720
002880
037270
004200
014530
000850
003480
252710
047400
000520
016090
006370
014710
000215
107590
530024
008350
002700
111110
012160
012170
011090
023800
267770
010960
001570
129260
008600
000890
004080
156080
261250
010770
003580
053690
015230
100840
226980
005750
093240
006660
058860
011150
278620
012320
058730
120030
001260
163560
190620
068290
024890
008250
001750
007110
006980
009770
007590
008970
012800
011785
014440
019685
105840
014160
006340
005190
143850
000500
058850
155660
130730
130680
270800
007540
083420
002820
008260
005010
530025
002920
007610
145210
530031
001020
027740
002760
004410
133820
000590
002200
069730
009070
090080
003547
006740
118000
138230
002140
120115
023450
004270
003610
580007
017550
500031
018470
281990
277540
012280
008870
006880
530037
079660
014130
006570
114100
084670
014580
006805
000040
078935
049800
001080
252420
025820
011500
245360
010040
123700
000157
088790
011330
015260
023350
119650
025530
092780
101140
001550
169950
004090
096300
001070
011230
013360
005110
001620
272570
000300
001275
580006
500001
004830
000910
004100
010100
122260
272910
009460
005360
099140
266410
550001
001560
024070
266160
500015
044380
011420
018500
013700
008420
109070
132030
014910
007120
010600
021050
580004
004140
006890
072130
001210
005820
026940
005305
204450
069460
005320
093230
114260
011300
550002
000760
136340
024900
002220
071950
003465
122090
002690
009140
023150
023960
137610
071090
002070
214330
009190
003010
002410
279530
023810
010660
108675
013000
243880
217780
007280
261060
020120
239660
002710
027970
580003
000105
190160
283580
008110
211900
174360
550014
009180
155900
010580
145270
277630
003780
520004
500020
009810
011390
182480
005030
226810
530023
123310
550020
019180
108450
005450
114470
006200
030720
114820
006110
002420
182490
003680
252720
008775
031820
550009
002870
285690
139250
003720
195980
002355
211560
003925
010420
015020
004920
003475
590010
500002
252400
174350
252730
015540
091230
520006
000950
263190
195930
195920
530012
170350
051630
230480
099340
001420
500027
001465
590009
530005
172580
550042
520013
123320
140890
530035
520014
253250
550005
500018
500009
550008
520002
530036
530039
520003
570007
530014
213610
025890
204210
550013
510007
275290
530015
590007
261140
590008
550019
590005
227830
002025
500022
590006
004365
001770
008500
550026
108590
530017
570005
012600
530016
550029
580005
152280
530032
250780
530033
530019
019490
520009
530018
570015
570003
006125
550023
229720
144600
590018
243890
500021
520010
252650
530020
530021
289040
570008
278420
139270
033250
153360
266550
590004
590002
550030
550011
590017
530022
219900
550004
500030
590003
590016
550044
500014
276970
091160
520012
276990
550021
137930
251590
570009
139220
114460
256440
570012
219480
500016
269540
510005
211210
245340
140950
550024
225130
570014
500012
217790
530009
500003
244620
520020
510009
500032
005257
500024
237370
500017
510008
530008
000087
500023
275540
004135
590012
157490
520021
280920
570013
530038
500005
500011
010640
266420
550022
192720
157500
550003
261240
152500
550015
117700
590013
550006
570010
530011
244660
101280
001140
001685
237440
005725
500007
500006
550025
237350
570004
289480
009835
091210
550031
148070
215620
550016
550045
133690
183700
550010
550033
550012
145995
530003
003495
550027
261070
500008
140910
225040
104520
550007
117460
500029
570006
105780
225060
000075
261120
550032
500004
500013
570011
291130
500028
251600
104530
590011
183710
143460
208470
227570
001515
147970
236350
244670
007815
102960
520011
530007
003535
153270
530006
152180
530004
275300
190150
004255
500010
530002
266360
019175
140700
159650
251890
550018
241180
245350
168300
100910
009415
520015
253990
260270
260200
139660
200250
275750
253280
002005
244580
261110
004415
247790
222180
550043
234310
004105
510001
570022
204420
203780
091180
157520
250730
500025
007575
228790
276000
520007
248270
253230
279540
570020
267300
241390
227540
000885
117680
289250
267500
248260
225030
289260
140570
266370
159800
228810
200020
570024
280320
166400
269420
269370
000225
570021
284430
272220
266390
266140
247780
139290
145670
287180
219390
267490
253150
510003
247800
520016
520005
205720
275280
253290
210780
138540
218420
570016
500026
550041
200030
272230
530041
196030
283930
252410
530010
001795
276650
570023
217770
160580
117690
145850
228800
530028
238720
520017
510002
225050
213630
530042
287330
265690
083370
083380
006345
530030
550050
530043
284990
550034
228820
253240
285000
261260
005745
550038
287300
520022
285020
287320
284980
520023
271060
140710
099350
290130
550040
211260
530046
289670
530048
530034
530044
167860
131890
530050
550048
500033
290080
550039
530045
287310
550035
189400
530047
530051
001745
002995
550049
530049
196220
550037
185680
256750
510004
181480
530040
222170
152380
091220
285010
014825
232590
570017
269530
138530
550036
261220
520019
261920
227560
084695
238670
226380
267450
236460
176710
244820
200040
195970
520018
140580
267440
138910
004545
138520
001525
011155
261270
097750
252000
530029
222200
003415
277640
510006
098560
003075
200050
222190
280930
220130
256450
014915
000725
280940
105010
004565
139320
010145
012205
001755
000545
138920
000145
000547
139230
139240
090355
001065
271050
009275
000995
014285
227550
004835
004985
001067
000325
139310
157510
253160
000227
001527
005965
016385
141240
013367
001799
002785
004987
008355
004989
002787
001529
